# Camera list with one line of data per camera:
#   CAMERA_ID, MODEL, WIDTH, HEIGHT, PARAMS[]
# Number of cameras: 51
51 PINHOLE 944 534 952.48806180166571 952.48806180166571 472 267
53 PINHOLE 941 532 952.86985715348533 952.86985715348533 470.5 266
54 PINHOLE 941 532 953.82153458933965 953.82153458933965 470.5 266
55 PINHOLE 941 532 957.64991016249735 957.64991016249735 470.5 266
56 PINHOLE 940 531 958.03581511722484 958.03581511722484 470 265.5
57 PINHOLE 935 529 954.0384239710537 954.0384239710537 467.5 264.5
58 PINHOLE 937 529 960.98246645659162 960.98246645659162 468.5 264.5
59 PINHOLE 942 533 967.35787886538503 967.35787886538503 471 266.5
60 PINHOLE 944 534 978.33869137992826 978.33869137992826 472 267
61 PINHOLE 936 529 977.25368540835882 977.25368540835882 468 264.5
62 PINHOLE 940 531 990.34189085165065 990.34189085165065 470 265.5
63 PINHOLE 940 532 992.93215561026875 992.93215561026875 470 266
64 PINHOLE 938 531 989.15639446209195 989.15639446209195 469 265.5
65 PINHOLE 940 531 993.50158485955478 993.50158485955478 470 265.5
66 PINHOLE 940 532 1004.4307734094078 1004.4307734094078 470 266
67 PINHOLE 941 532 1017.6569586631744 1017.6569586631744 470.5 266
68 PINHOLE 941 532 1012.9698374119762 1012.9698374119762 470.5 266
69 PINHOLE 946 535 1017.527055634259 1017.527055634259 473 267.5
70 PINHOLE 944 534 1026.0028569754743 1026.0028569754743 472 267
71 PINHOLE 944 533 1016.9008827669541 1016.9008827669541 472 266.5
72 PINHOLE 940 531 1023.7431606459514 1023.7431606459514 470 265.5
73 PINHOLE 948 536 1019.6420443337223 1019.6420443337223 474 268
74 PINHOLE 944 533 1057.7472068936027 1057.7472068936027 472 266.5
75 PINHOLE 944 532 1040.4504892622288 1040.4504892622288 472 266
76 PINHOLE 946 534 1069.4359009239126 1069.4359009239126 473 267
77 PINHOLE 943 533 1039.9512985081101 1039.9512985081101 471.5 266.5
78 PINHOLE 942 533 1041.1362571665991 1041.1362571665991 471 266.5
79 PINHOLE 939 530 1044.0853068755764 1044.0853068755764 469.5 265
80 PINHOLE 941 531 1036.6399172734782 1036.6399172734782 470.5 265.5
81 PINHOLE 940 531 1011.4036445619713 1011.4036445619713 470 265.5
82 PINHOLE 937 529 998.86400867996656 998.86400867996656 468.5 264.5
83 PINHOLE 934 528 964.80763183828742 964.80763183828742 467 264
84 PINHOLE 934 528 949.06194074219195 949.06194074219195 467 264
85 PINHOLE 935 529 953.79123388409539 953.79123388409539 467.5 264.5
86 PINHOLE 932 526 937.5841304556493 937.5841304556493 466 263
87 PINHOLE 928 525 928.66845788109822 928.66845788109822 464 262.5
88 PINHOLE 926 523 934.63320997881658 934.63320997881658 463 261.5
89 PINHOLE 925 522 918.18264111771089 918.18264111771089 462.5 261
90 PINHOLE 925 523 905.692685146651 905.692685146651 462.5 261.5
91 PINHOLE 927 524 900.40002002539677 900.40002002539677 463.5 262
92 PINHOLE 928 525 875.59238594952876 875.59238594952876 464 262.5
93 PINHOLE 922 522 873.73252763249639 873.73252763249639 461 261
94 PINHOLE 925 522 882.60504686036131 882.60504686036131 462.5 261
95 PINHOLE 922 522 891.79575226152303 891.79575226152303 461 261
96 PINHOLE 920 520 892.25666906048559 892.25666906048559 460 260
97 PINHOLE 917 518 894.0313868864788 894.0313868864788 458.5 259
98 PINHOLE 916 518 882.84854073146278 882.84854073146278 458 259
99 PINHOLE 908 513 872.18023419507449 872.18023419507449 454 256.5
100 PINHOLE 910 514 887.30593518856438 887.30593518856438 455 257
101 PINHOLE 914 516 870.16639015207807 870.16639015207807 457 258
102 PINHOLE 920 520 860.70121470788331 860.70121470788331 460 260
