# Frame list with one line of data per frame:
#   FRAME_ID, RIG_ID, RIG_FROM_WORLD[QW, QX, QY, QZ, TX, TY, TZ], NUM_DATA_IDS, DATA_IDS[] as (SENSOR_TYPE, SENSOR_ID, DATA_ID)
# Number of frames: 51
51 51 0.72852633233847286 0.058539622920899807 0.66431169241409127 0.15656459037616957 -5.9440751229984814 -0.62802355052368586 2.8947050168669239 1 CAMERA 51 51
53 53 0.75007551438739029 0.059278750274689172 0.64032693645207805 0.154447942479851 -5.729422516469926 -0.46319504080330265 2.2215410402097637 1 CAMERA 53 53
54 54 0.7588897273661197 0.059777369129906333 0.63014557898731893 0.15306729605248812 -5.619916276632785 -0.40416714149348981 1.9484244990680428 1 CAMERA 54 54
55 55 0.76750357740935593 0.06023136168120035 0.62037515173836499 0.14981693108413977 -5.4918636655812509 -0.31652282559111494 1.7041344252463091 1 CAMERA 55 55
56 56 0.77363374954788466 0.060764528777254828 0.61325256219440927 0.14737635008694955 -5.3428533953189961 -0.2421907009261472 1.4886058915043576 1 CAMERA 56 56
57 57 0.78155250271712917 0.05953658226870423 0.604233509166205 0.14329322129482433 -5.1419753343265935 -0.16858727879978011 1.2060663605155295 1 CAMERA 57 57
58 58 0.78876268357983359 0.05703417395421042 0.59602169008035244 0.13913546257895745 -4.942078623658074 -0.10877339395005677 0.96462928359483535 1 CAMERA 58 58
59 59 0.79630783514953252 0.054379873861485711 0.58710363565364221 0.13507768875928119 -4.770628427205474 -0.02283571762499231 0.77389117469681723 1 CAMERA 59 59
60 60 0.80997777848557262 0.04976421198760244 0.57054942994163405 0.1262254711146138 -4.4874823840616997 0.078592110443274549 0.51748681171996747 1 CAMERA 60 60
61 61 0.81891552635108034 0.051261141077622877 0.55900758873269063 0.11941596147842254 -4.2740711362335704 0.14625001553260938 0.38340847037163289 1 CAMERA 61 61
62 62 0.82982646739426469 0.047877575340817095 0.54502775447405527 0.10972929711070281 -3.9816997168558492 0.20213863763873252 0.30209513318036985 1 CAMERA 62 62
63 63 0.83675864233217145 0.045612848540321015 0.53603772764426016 0.10206859003845005 -3.7520102140564742 0.24862863680806885 0.28444871509207448 1 CAMERA 63 63
64 64 0.84452838991431578 0.04661885138632494 0.52502944479522562 0.094565127939269356 -3.4572161296364317 0.27038350313155268 0.24404852034422636 1 CAMERA 64 64
65 65 0.85081035897826496 0.047242934985652234 0.51573723796570425 0.088909726828530697 -3.1518492297831293 0.23451041726658142 0.23273567183269994 1 CAMERA 65 65
66 66 0.85598721532914712 0.047973473167047566 0.50735696749218284 0.087024942415833764 -2.9065234735982584 0.20987917136399131 0.25533255592523091 1 CAMERA 66 66
67 67 0.86450160456868097 0.052926158938593384 0.4923022631776075 0.086453912973262784 -2.6001825848234117 0.20269674158239601 0.3026162413807949 1 CAMERA 67 67
68 68 0.87330024284511099 0.054675263112416043 0.47645522224756809 0.085718858154310296 -2.3503850583931745 0.15831548670152853 0.29702040236367305 1 CAMERA 68 68
69 69 0.88377388660165057 0.04805522918883829 0.45808389570292962 0.082423035652957249 -2.067677678980536 0.047450526289714398 0.32109832584419895 1 CAMERA 69 69
70 70 0.89278327527760371 0.047498431894357519 0.44091678587149252 0.079210544051432769 -1.8548610439444335 0.061461024448472776 0.39034838769412611 1 CAMERA 70 70
71 71 0.90255665358040149 0.04428357900487976 0.42169463540100494 0.074860444710669508 -1.6203274920973176 0.038185860738106592 0.34181629385481033 1 CAMERA 71 71
72 72 0.9120707118280621 0.040644985850787144 0.40214725612315938 0.068939003062530355 -1.3559176271576319 -0.0026117443966489845 0.41033099709291015 1 CAMERA 72 72
73 73 0.91983593947748721 0.036001685640393466 0.38548470593231798 0.063302958610898866 -1.1317291383439321 -0.016959364122773071 0.36895750389863141 1 CAMERA 73 73
74 74 0.93073244423044543 0.034607300382431413 0.35956933621549592 0.057003021591918009 -0.79863318852536747 -0.020528664130047568 0.64525151873429654 1 CAMERA 74 74
75 75 0.93893393853123908 0.031284836734305321 0.33865775618492955 0.052299543406345114 -0.55638515866287419 -0.094127380381240508 0.62438547716466097 1 CAMERA 75 75
76 76 0.94731882879330032 0.028203583480705747 0.3158102062835394 0.045337711672347257 -0.30412591879969869 -0.13635933224227195 0.91411153254715682 1 CAMERA 76 76
77 77 0.95565253309322684 0.027958445953535159 0.2906009456539454 0.038699504872736407 -0.040474965391457188 -0.1387800350808564 0.88302535038677166 1 CAMERA 77 77
78 78 0.9611121818156767 0.028384662955802571 0.27248967190695728 0.034742820530778019 0.17225155830238384 -0.16584467729788208 0.97366929032384408 1 CAMERA 78 78
79 79 0.96673980267567883 0.023006857104216221 0.25300652446581096 0.029538737727038834 0.44112002374478204 -0.23803839005636279 1.1288856009738713 1 CAMERA 79 79
80 80 0.97087192139895806 0.019998223234724433 0.23722539533049916 0.027053560150889507 0.64637603347951333 -0.24712213373725334 1.198979876047557 1 CAMERA 80 80
81 81 0.97531949578692945 0.018211235566051989 0.21853578747118937 0.025735998745625162 0.88544669419431388 -0.27426969614838625 1.2178689327904935 1 CAMERA 81 81
82 82 0.97868521686666021 0.016899367530337179 0.20317346548970586 0.024702238453956069 1.0824831136645676 -0.3248017157619375 1.2972237674792562 1 CAMERA 82 82
83 83 0.98201429442761357 0.016681061974251871 0.18674325981636128 0.02228503139792562 1.2967117244099322 -0.34056770291797039 1.2806541177340474 1 CAMERA 83 83
84 84 0.98478407571891768 0.015619074750112894 0.1721180836702936 0.018213566044386759 1.4879182906000714 -0.37655552770601103 1.3572141442336139 1 CAMERA 84 84
85 85 0.98639057084830573 0.014472916769325809 0.16311726060497628 0.014728737707962267 1.6124560337683795 -0.4324799913781211 1.4827396876689589 1 CAMERA 85 85
86 86 0.98819986190418041 0.015513211178734566 0.15201940935233257 0.010510584743514666 1.8118862466576211 -0.47721482645742819 1.5249398234996021 1 CAMERA 86 86
87 87 0.98990824126255317 0.013621797271347939 0.14087684259480165 0.007059443327685851 1.9946471118490192 -0.49797880465113031 1.573690301805974 1 CAMERA 87 87
88 88 0.99214909416247554 0.0085442796766145614 0.12471932051417522 0.0035016178931108278 2.2356941015660565 -0.56159688776991235 1.8530035028757865 1 CAMERA 88 88
89 89 0.99369145147454707 0.006406167856056467 0.1119523806445215 0.0017101894140912307 2.4126877060797201 -0.60040737659881893 1.9537915187784429 1 CAMERA 89 89
90 90 0.99476955636999231 0.0041636813868864376 0.10205802651893088 -0.00059388535803323007 2.5375449881330692 -0.60213839853830076 2.0277457548096898 1 CAMERA 90 90
91 91 0.99602451973767947 -0.00041399594078041728 0.088909743464630195 -0.0054810770601858893 2.6881597909219694 -0.65437043439827713 2.1773546974400801 1 CAMERA 91 91
92 92 0.99660871769444215 0.00073957900896722256 0.081866878459824891 -0.0082662597088117625 2.78179358133784 -0.69013058193775845 2.1127535409729923 1 CAMERA 92 92
93 93 0.99749240123708982 -0.00036775269685299208 0.069778915300915706 -0.011818511397216227 2.9439456524785492 -0.75057048677382388 2.2829832415195197 1 CAMERA 93 93
94 94 0.9981106462824435 -0.0019922729768739409 0.059586482973020598 -0.014853271455630281 3.0818544457325086 -0.78838697840570193 2.4733434580951172 1 CAMERA 94 94
95 95 0.99876786912250382 -0.0054034654307012746 0.046024836956568879 -0.0177555780799592 3.245276313895225 -0.83597593601362263 2.7812628266544315 1 CAMERA 95 95
96 96 0.99923151490547857 -0.010279798240164196 0.032173463092116855 -0.01988903317167863 3.3818104484124447 -0.86778936023658881 3.0368314384117792 1 CAMERA 96 96
97 97 0.99945095773907766 -0.015056515959664304 0.020334889908384411 -0.021391041442874396 3.4796044319781703 -0.85206489200365976 3.2552845527995897 1 CAMERA 97 97
98 98 0.99936018932460646 -0.024190483010122693 0.0090320009051573589 -0.024747837975733419 3.5948093851945417 -0.84036214071481818 3.3827591910533386 1 CAMERA 98 98
99 99 0.99929294597803753 -0.02787486448433826 0.0026921278540240033 -0.025086898894289372 3.6879851758245428 -0.82274044386477541 3.409794276254305 1 CAMERA 99 99
100 100 0.99898699164550442 -0.035833991232336472 -0.0054982206018103783 -0.026658678992771273 3.8745345573229626 -0.81818921285678647 3.7283791980030405 1 CAMERA 100 100
101 101 0.99860680587058048 -0.044703677155044662 -0.0088642805617350547 -0.026597989546154145 4.0799508690737261 -0.77877490165117946 3.7180661784417897 1 CAMERA 101 101
102 102 0.99825682855289621 -0.05145383814362408 -0.010075905228213965 -0.027097655279291619 4.2558092204143936 -0.78907381004080479 3.7185250308092233 1 CAMERA 102 102
