# Camera list with one line of data per camera:
#   CAMERA_ID, MODEL, WIDTH, HEIGHT, PARAMS[]
# Number of cameras: 102
1 SIMPLE_RADIAL 955 540 968.99612802028628 477.5 270 0.0032323138554168269
2 SIMPLE_RADIAL 955 539 968.83036342103014 477.5 269.5 0.0025917073102830622
3 SIMPLE_RADIAL 955 540 969.5298295394922 477.5 270 0.0027771578986916816
4 SIMPLE_RADIAL 954 540 970.31483348442839 477 270 0.0026074161777118209
5 SIMPLE_RADIAL 955 539 970.36565477667625 477.5 269.5 0.0021566152522938479
6 SIMPLE_RADIAL 954 540 970.58224442998107 477 270 0.0029753064114580326
7 SIMPLE_RADIAL 953 538 970.46285235352275 476.5 269 0.0010979678225037303
8 SIMPLE_RADIAL 954 539 970.5402338808783 477 269.5 0.0029315824237916002
9 SIMPLE_RADIAL 954 539 969.941845790466 477 269.5 0.0055977063001025409
10 SIMPLE_RADIAL 953 539 970.86794794881678 476.5 269.5 0.0043013113438415528
11 SIMPLE_RADIAL 951 538 970.0177641115547 475.5 269 0.0032133760588690095
12 SIMPLE_RADIAL 952 539 970.60638497919388 476 269.5 0.0014212815413835219
13 SIMPLE_RADIAL 951 538 967.71587358671104 475.5 269 0.0054862740719705703
14 SIMPLE_RADIAL 950 537 969.83871110601899 475 268.5 -0.0013608805342126354
15 SIMPLE_RADIAL 949 536 968.49739512097563 474.5 268 0.0034313722578716531
16 SIMPLE_RADIAL 947 536 968.85514957367593 473.5 268 -0.0037423737178800287
17 SIMPLE_RADIAL 949 536 969.06951733487085 474.5 268 -0.0057168119080407767
18 SIMPLE_RADIAL 947 535 968.65972657024656 473.5 267.5 -0.0064112638842537166
19 SIMPLE_RADIAL 947 535 968.77496219449142 473.5 267.5 -0.011230266077664971
20 SIMPLE_RADIAL 946 535 969.18265340835751 473 267.5 -0.0065357467004335517
21 SIMPLE_RADIAL 947 535 967.73474775034958 473.5 267.5 0.0013815003455501542
22 SIMPLE_RADIAL 947 535 967.01592388841368 473.5 267.5 -0.00097925818724548842
23 SIMPLE_RADIAL 946 535 966.46072178320992 473 267.5 0.00013556062672399487
24 SIMPLE_RADIAL 947 535 970.40399527652016 473.5 267.5 -0.0006729453751148606
25 SIMPLE_RADIAL 947 536 968.71915982208031 473.5 268 -0.00055587462180116409
26 SIMPLE_RADIAL 947 536 967.97972325502576 473.5 268 0.00079687650460365808
27 SIMPLE_RADIAL 949 536 968.12288912855217 474.5 268 0.0075275450196523172
28 SIMPLE_RADIAL 945 534 966.52302423012623 472.5 267 0.0023539622949363503
29 SIMPLE_RADIAL 944 534 965.63223539412309 472 267 0.0035413689674324202
30 SIMPLE_RADIAL 942 532 964.61363598622563 471 266 0.0025573412411277773
31 SIMPLE_RADIAL 947 535 969.24471708259284 473.5 267.5 0.0051888915116898018
32 SIMPLE_RADIAL 945 534 970.9253904918121 472.5 267 -0.0070381453667324647
33 SIMPLE_RADIAL 945 535 967.18600625719682 472.5 267.5 -0.0023384457213954167
34 SIMPLE_RADIAL 946 535 966.56636823061638 473 267.5 -0.0033016823886001662
35 SIMPLE_RADIAL 946 535 967.43088717147339 473 267.5 -0.0036031800323931629
36 SIMPLE_RADIAL 945 534 967.82944111618554 472.5 267 -0.0068168910135371066
37 SIMPLE_RADIAL 945 534 966.57876164282538 472.5 267 0.0020420800880065803
38 SIMPLE_RADIAL 948 536 969.56155379097413 474 268 0.0044626083526866488
39 SIMPLE_RADIAL 946 534 969.47486775319169 473 267 -0.0051574481687469472
40 SIMPLE_RADIAL 945 534 966.76539207104815 472.5 267 0.0046926491200181726
41 SIMPLE_RADIAL 946 534 967.35269832059498 473 267 -0.0059026836985018385
42 SIMPLE_RADIAL 945 534 967.37134202870266 472.5 267 -0.008828981750174214
43 SIMPLE_RADIAL 944 534 965.05309352280415 472 267 -0.0023775971186089716
44 SIMPLE_RADIAL 943 533 964.77648031106196 471.5 266.5 -0.0077769183263251352
45 SIMPLE_RADIAL 943 533 964.6866848658052 471.5 266.5 -0.0047197024841528091
46 SIMPLE_RADIAL 944 533 966.83251522586056 472 266.5 -0.0098146332091186821
47 SIMPLE_RADIAL 950 534 966.18709234112555 475 267 0.0087051575041910325
48 SIMPLE_RADIAL 950 537 972.27148701345311 475 268.5 -0.012435258426636118
49 SIMPLE_RADIAL 947 534 967.61337107463521 473.5 267 -0.0058426485678488424
50 SIMPLE_RADIAL 947 533 969.15273260028619 473.5 266.5 -0.0079559029393215241
51 SIMPLE_RADIAL 950 536 965.79917866945868 475 268 -0.0090521119181651323
52 SIMPLE_RADIAL 951 537 969.75938465344962 475.5 268.5 -0.0012670209209365022
53 SIMPLE_RADIAL 946 535 964.88097738665556 473 267.5 -0.0082794673627038604
54 SIMPLE_RADIAL 948 535 968.50043350829219 474 267.5 -0.0088855636973531379
55 SIMPLE_RADIAL 946 532 963.35259568800473 473 266 0.0029799300535945884
56 SIMPLE_RADIAL 945 534 945.67777897088331 472.5 267 0.024914283725375928
57 SIMPLE_RADIAL 937 530 956.13932653116342 468.5 265 -0.0050091082037202811
58 SIMPLE_RADIAL 945 532 961.79606878873471 472.5 266 0.017918549499133633
59 SIMPLE_RADIAL 950 536 968.79982619953341 475 268 0.026661899231127495
60 SIMPLE_RADIAL 948 535 967.21467525400942 474 267.5 0.016933502696195587
61 SIMPLE_RADIAL 947 534 961.06240666467522 473.5 267 0.02879827984033272
62 SIMPLE_RADIAL 952 536 974.83487162982522 476 268 0.023190693537088251
63 SIMPLE_RADIAL 948 535 968.12713550842352 474 267.5 0.022235192078635207
64 SIMPLE_RADIAL 947 535 964.07385599567147 473.5 267.5 0.012051401535999795
65 SIMPLE_RADIAL 950 536 967.14626428088263 475 268 0.016131558608581984
66 SIMPLE_RADIAL 949 537 966.06812584478348 474.5 268.5 0.0068412123413897777
67 SIMPLE_RADIAL 952 538 963.05130161817863 476 269 0.013271124568068685
68 SIMPLE_RADIAL 951 538 961.67698562451187 475.5 269 0.0045170188913196
69 SIMPLE_RADIAL 949 537 969.23299352773188 474.5 268.5 0.0028602166357332877
70 SIMPLE_RADIAL 950 537 965.51065368244383 475 268.5 0.002623378619950165
71 SIMPLE_RADIAL 949 536 963.90760797314249 474.5 268 0.0089063723690656349
72 SIMPLE_RADIAL 947 535 950.50925176159637 473.5 267.5 0.0029326342786150828
73 SIMPLE_RADIAL 949 536 957.73360356530929 474.5 268 0.011626862910956767
74 SIMPLE_RADIAL 946 533 959.00197547647065 473 266.5 0.0082903660460082549
75 SIMPLE_RADIAL 946 532 963.33510882061739 473 266 0.013242732156939172
76 SIMPLE_RADIAL 945 534 955.28225143221641 472.5 267 0.0065314537463891176
77 SIMPLE_RADIAL 946 534 953.49095474101114 473 267 0.0092696049991067148
78 SIMPLE_RADIAL 942 533 953.96105433344553 471 266.5 0.0043830832289816143
79 SIMPLE_RADIAL 942 532 955.11717336427171 471 266 -0.002960143893410129
80 SIMPLE_RADIAL 945 534 954.07974353503187 472.5 267 0.0077320488076548181
81 SIMPLE_RADIAL 944 534 951.95903122470293 472 267 0.0035682046077187874
82 SIMPLE_RADIAL 941 532 948.63961822595832 470.5 266 -0.00019499041360871171
83 SIMPLE_RADIAL 938 530 946.3373517258774 469 265 -0.0059071129647910578
84 SIMPLE_RADIAL 939 531 947.44816083423325 469.5 265.5 -0.0024769390559815172
85 SIMPLE_RADIAL 940 532 945.62955687449812 470 266 -0.00015161525807878481
86 SIMPLE_RADIAL 941 532 948.99775200707882 470.5 266 0.0069322653704518176
87 SIMPLE_RADIAL 942 532 949.59744137743701 471 266 0.0015312873111124631
88 SIMPLE_RADIAL 941 532 950.65049804327327 470.5 266 -0.0039669893269987985
89 SIMPLE_RADIAL 941 532 947.51066933167101 470.5 266 5.2373715661335011e-05
90 SIMPLE_RADIAL 940 532 946.59037854680923 470 266 -0.006212175680038577
91 SIMPLE_RADIAL 940 531 947.07945709348849 470 265.5 -0.0087555927411967355
92 SIMPLE_RADIAL 939 531 946.8115207483678 469.5 265.5 -0.0047305994530760188
93 SIMPLE_RADIAL 938 531 944.91345512058945 469 265.5 -0.0081943424325792002
94 SIMPLE_RADIAL 938 530 948.96040122194199 469 265 -0.010451196708755833
95 SIMPLE_RADIAL 938 531 946.18682526873067 469 265.5 -0.0099791546501544152
96 SIMPLE_RADIAL 939 531 945.42123157107744 469.5 265.5 -0.0024107565878262352
97 SIMPLE_RADIAL 938 530 944.29158490675127 469 265 -0.0087727454120391478
98 SIMPLE_RADIAL 937 530 943.63720622595872 468.5 265 -0.0067769563496201477
99 SIMPLE_RADIAL 936 529 943.41733095842733 468 264.5 -0.013127011875866654
100 SIMPLE_RADIAL 938 530 942.28944784352348 469 265 -0.0091515516071214338
101 SIMPLE_RADIAL 938 530 939.04845594462086 469 265 -0.0074628312238646782
102 SIMPLE_RADIAL 938 530 943.94729986637083 469 265 -0.010914100297236098
