# Frame list with one line of data per frame:
#   FRAME_ID, RIG_ID, RIG_FROM_WORLD[QW, QX, QY, QZ, TX, TY, TZ], NUM_DATA_IDS, DATA_IDS[] as (SENSOR_TYPE, SENSOR_ID, DATA_ID)
# Number of frames: 102
1 1 0.11900729009558263 0.027166708157868667 0.98224242911759096 0.14247471815429374 -2.6162957183847437 -0.66735771522520859 5.7361331298224059 1 CAMERA 1 1
2 2 0.11962804233250951 0.027311098894583049 0.98211910758577248 0.14277707757125324 -2.6004833284551552 -0.66888641136139393 5.7063868031562448 1 CAMERA 2 2
3 3 0.12146056913114657 0.027323885656111147 0.98170643439408078 0.14405975179851627 -2.5500417608663124 -0.67559477937204826 5.6318077974613567 1 CAMERA 3 3
4 4 0.12515460281674282 0.027380978385693054 0.98103040553148668 0.14548522550125959 -2.4926160681047183 -0.67079436492032551 5.5309082528654212 1 CAMERA 4 4
5 5 0.13019371738535415 0.027036080465443781 0.9800063249349481 0.14800759910878097 -2.4217031260420097 -0.6868673102315036 5.4088469953740557 1 CAMERA 5 5
6 6 0.13478435935479066 0.027048101956214085 0.97900175840375425 0.15052286768541895 -2.3658663355779215 -0.71242909962055923 5.3133210293154418 1 CAMERA 6 6
7 7 0.1412626299921699 0.027465540954960337 0.977640857841512 0.15332601379628738 -2.3051764238634269 -0.72068102678592094 5.189543127744062 1 CAMERA 7 7
8 8 0.14860540600790534 0.028568665651423249 0.97594558558777211 0.15694100362831731 -2.2562391133770325 -0.73685836756984391 5.0659903281291623 1 CAMERA 8 8
9 9 0.15574706049964362 0.029600686012967309 0.9742930788462254 0.16006139148971893 -2.2317594620396495 -0.76237912703325172 4.9534308968599223 1 CAMERA 9 9
10 10 0.16339107861414964 0.030608895355629731 0.97254450490026356 0.16286079007150289 -2.2103110397870491 -0.77891141089061999 4.8384904290198039 1 CAMERA 10 10
11 11 0.17225957632087885 0.03122522898159874 0.97048448190167869 0.16586589109527181 -2.1916243541837295 -0.7810017908463206 4.6995208670787454 1 CAMERA 11 11
12 12 0.18533427472911324 0.032089271554226133 0.96728448801371192 0.17024160628296511 -2.1753407497205166 -0.79406163121633255 4.5443182454010564 1 CAMERA 12 12
13 13 0.19651962128414124 0.033668239704256406 0.9642406406582863 0.17460376567660849 -2.1608274701496 -0.82629855892940485 4.413555539223931 1 CAMERA 13 13
14 14 0.21044051420124865 0.037264265318021857 0.96031803998982634 0.17920777489584663 -2.133900877156889 -0.83696848355313491 4.2657883546488016 1 CAMERA 14 14
15 15 0.22320949550936278 0.041615925327933477 0.95650967884333837 0.18312528539928491 -2.1051318435342528 -0.83123938127563168 4.1235621212968319 1 CAMERA 15 15
16 16 0.23224181591503845 0.044435331958428623 0.95374402541140801 0.18563828863214932 -2.0700038385912687 -0.83781213989092951 4.0203558116961062 1 CAMERA 16 16
17 17 0.24375537646229653 0.046708064044092938 0.95055564876202092 0.18666984707121445 -1.9940597147896346 -0.82196115160338978 3.8549012694053206 1 CAMERA 17 17
18 18 0.25171075266134951 0.046298086007170995 0.94853214749984782 0.18650723681953091 -1.937049218217179 -0.79054810337182924 3.745990748314266 1 CAMERA 18 18
19 19 0.26377264159651193 0.045860261504919654 0.94531688094145361 0.18627083659827198 -1.8770862476401937 -0.77080236271192393 3.6132355031331258 1 CAMERA 19 19
20 20 0.27930810700530645 0.046743832562983326 0.94089361399728921 0.18579882297139619 -1.8310603249761579 -0.75550040513723749 3.4706254776823728 1 CAMERA 20 20
21 21 0.29276222802052437 0.048856774566439019 0.93683177134560758 0.18506627359104086 -1.8059384310322506 -0.71656715884512834 3.3674610499882758 1 CAMERA 21 21
22 22 0.31087766853319032 0.053082214858431023 0.93104570968018308 0.18355173700952995 -1.7906698784017012 -0.67107483225400733 3.2328368390949218 1 CAMERA 22 22
23 23 0.32515955792460349 0.0564675436410631 0.92627670931240369 0.1819179380677069 -1.769611286687212 -0.65309331667530557 3.1172144972891491 1 CAMERA 23 23
24 24 0.34267235445556199 0.059435414073346883 0.92034737276810819 0.17889606615197712 -1.7259667547976107 -0.60441209461097145 2.9749110018281759 1 CAMERA 24 24
25 25 0.35212443673260524 0.060501610213244572 0.91700050289577739 0.17736407163301596 -1.6890019387700732 -0.57163800829556943 2.9042265169989281 1 CAMERA 25 25
26 26 0.36712941740925387 0.06120652299618512 0.91129123083714514 0.17611940555992275 -1.6138815406214855 -0.55273225896623945 2.7910404969339551 1 CAMERA 26 26
27 27 0.38149041126423366 0.062048624483347033 0.90539447958385022 0.17571531137683896 -1.5278723084843473 -0.54965593166837201 2.6914701450405727 1 CAMERA 27 27
28 28 0.39196655459493385 0.062969891907729905 0.90082202917667265 0.17583140942996431 -1.4587516641844347 -0.53725756220949716 2.6238734619800885 1 CAMERA 28 28
29 29 0.40520944469931142 0.064323247191638344 0.89468580073711323 0.1766497771201245 -1.3832053030892453 -0.52884762545672837 2.5397988378155842 1 CAMERA 29 29
30 30 0.41657300106248141 0.065600762759997461 0.88937143034345967 0.17658406949646724 -1.3271369967882947 -0.53274947030021158 2.4558843238975929 1 CAMERA 30 30
31 31 0.43705734953161446 0.066621253666379984 0.88008586481663786 0.17318011528541902 -1.251773117761001 -0.50055145430164572 2.3245605844187871 1 CAMERA 31 31
32 32 0.45347138247815455 0.066669648004370169 0.87245470277647397 0.16953363946880665 -1.2141982129704001 -0.46255803695183245 2.2429732496107211 1 CAMERA 32 32
33 33 0.4756471976159336 0.066728812411639013 0.86141871266541947 0.16512059370076426 -1.1722361548589422 -0.43702650182520503 2.136898908838627 1 CAMERA 33 33
34 34 0.49755878878928 0.066371198766023848 0.8498312995413887 0.16067631434875559 -1.1190875132333815 -0.41139085853983254 2.0436286500349552 1 CAMERA 34 34
35 35 0.5128991079102192 0.066571897241244182 0.84124832067516331 0.15749270003343047 -1.0701941731169582 -0.38486579487238087 1.990707141916181 1 CAMERA 35 35
36 36 0.52919664923505061 0.06745101425519591 0.8312827371593362 0.15610982677340396 -0.99886186099378993 -0.3823647598295164 1.9145326908574418 1 CAMERA 36 36
37 37 0.54029132740586627 0.068583166546678426 0.82399982924165427 0.15622391688266679 -0.93053836052139205 -0.39525677030838952 1.855211613728331 1 CAMERA 37 37
38 38 0.55428295085894508 0.069699829090909965 0.81443394176206019 0.15687478674953309 -0.83985639466902695 -0.3930593996958231 1.7815677686785962 1 CAMERA 38 38
39 39 0.56762090288031286 0.070995529340928079 0.80506322532373276 0.15696926023361604 -0.77868210395240345 -0.38687698572273332 1.7276606738101861 1 CAMERA 39 39
40 40 0.58341379128877546 0.071773528787048665 0.79365357597787622 0.15681489099266568 -0.72764770257087652 -0.39459236320357255 1.6740956379965659 1 CAMERA 40 40
41 41 0.60584786702712212 0.072411637325915559 0.77697780329263 0.15495292830090623 -0.67101408263967965 -0.39906871460477084 1.614862904355306 1 CAMERA 41 41
42 42 0.62331862385220749 0.072049622736191421 0.76366188209261343 0.15199761465671238 -0.63329921886301332 -0.37823318659876209 1.5713119130903632 1 CAMERA 42 42
43 43 0.64243135271502283 0.073197351997414367 0.74822041469106859 0.14862811224273151 -0.58045405099718794 -0.36580237700102919 1.5161204846155718 1 CAMERA 43 43
44 44 0.65415553615908295 0.075602529680303968 0.73808906571845967 0.1469330564754342 -0.52362877670092289 -0.37448145693350565 1.4708867396424152 1 CAMERA 44 44
45 45 0.66724142165704436 0.079974120139009439 0.72599734321364184 0.14601672157602771 -0.4157122380717948 -0.37709898430828265 1.3933944236551474 1 CAMERA 45 45
46 46 0.67599129774577527 0.084440853614964381 0.7170642021372392 0.14739212199450683 -0.31988097031992124 -0.38044233827010665 1.3415743859192177 1 CAMERA 46 46
47 47 0.68298615730882717 0.08836268732495009 0.70952661694932451 0.14931150074150951 -0.24438418784420432 -0.39432631163273252 1.2897622935079787 1 CAMERA 47 47
48 48 0.6939937479650875 0.09268872611516342 0.69797629718328846 0.15036810302329609 -0.154034317180366 -0.40229043873880438 1.2302420156976359 1 CAMERA 48 48
49 49 0.7031741255214784 0.095662822209531026 0.68803423306425981 0.15166960069733038 -0.092469691283917688 -0.39445469043548881 1.1746969395991129 1 CAMERA 49 49
50 50 0.71510864010614095 0.097982491633615373 0.67503349624569009 0.15280328244227748 -0.026385475243070979 -0.39392597291384679 1.1111325436901704 1 CAMERA 50 50
51 51 0.72662828608101626 0.10031901485251932 0.66177382578970756 0.15492847583849309 0.036270248936142391 -0.39267753890589058 1.0232167208555376 1 CAMERA 51 51
52 52 0.7364812967905725 0.10065501703298085 0.65077255914444665 0.15478676716164985 0.089288789297859633 -0.37334333060519997 0.95590420253068731 1 CAMERA 52 52
53 53 0.74818068502153101 0.1021436256575578 0.6371459162576435 0.15439372945313937 0.15922823352427698 -0.35009501946463867 0.87636849298970732 1 CAMERA 53 53
54 54 0.75680826402281942 0.102554261811917 0.62701774998551185 0.15353376206582567 0.21665992435139794 -0.3405406189011686 0.82391314310305008 1 CAMERA 54 54
55 55 0.76572423102265375 0.10244088973834305 0.61676238208148804 0.15091862106297904 0.28142002225357743 -0.32647006154960911 0.76091515174279134 1 CAMERA 55 55
56 56 0.77259338253070231 0.10277239553883201 0.60856781549390482 0.14893795328912784 0.35540866503976215 -0.3115007595500181 0.6783174758426872 1 CAMERA 56 56
57 57 0.77983062871113995 0.10244505769245564 0.60009870368166229 0.14577635788414459 0.44855916502064586 -0.29761118973924089 0.63388384454755176 1 CAMERA 57 57
58 58 0.78736657818314415 0.099090517109908016 0.59163099835230892 0.14215379969493636 0.54378797568519965 -0.28826658891517365 0.57983430444001005 1 CAMERA 58 58
59 59 0.79472394802533519 0.095038021558936939 0.58321158949039353 0.13872945893816496 0.62181738098531791 -0.26530863727127818 0.55976763052298872 1 CAMERA 59 59
60 60 0.80931372006037328 0.090254179655360103 0.5654701738320973 0.13080125413418522 0.74647280216153922 -0.25400514299727345 0.54515250779521185 1 CAMERA 60 60
61 61 0.81920666376144458 0.088651201294893928 0.55269458619006129 0.12478021058650549 0.83920990739230228 -0.27052074582032831 0.55626949406887571 1 CAMERA 61 61
62 62 0.83009272133385692 0.08400045902650205 0.53892612943316465 0.1159682020472715 0.95911467375050774 -0.28445571702486055 0.62035980129926505 1 CAMERA 62 62
63 63 0.8374021891373653 0.082531540202280859 0.5292800575598795 0.10866802275369793 1.0530658843449294 -0.29136200111943095 0.66963984186243519 1 CAMERA 63 63
64 64 0.84496218475142382 0.082364607475651358 0.51855614516976634 0.10175707386788856 1.1717710313947911 -0.32538550757889451 0.71866479161902785 1 CAMERA 64 64
65 65 0.851143422663177 0.082888100398710307 0.50932376060671269 0.096300279080291068 1.2983150515835684 -0.37551893127726987 0.77149257537025862 1 CAMERA 65 65
66 66 0.85668473514827315 0.084291618075410482 0.49994361772548812 0.095092411798803497 1.4017570086511799 -0.40166473754214238 0.81280306372577948 1 CAMERA 66 66
67 67 0.86511943582779371 0.086973082561803514 0.48470557542165965 0.095207929385400986 1.5188706343527829 -0.43971596093445026 0.89146494514495855 1 CAMERA 67 67
68 68 0.8731917454602065 0.088341028035122809 0.46979651296355368 0.094990919740474467 1.6008822256691222 -0.48242572926526278 0.98115337218960486 1 CAMERA 68 68
69 69 0.88378050688344223 0.087401035057858983 0.45011702193467906 0.093208053773891728 1.6933453988236056 -0.5240021961537451 1.1248229397490115 1 CAMERA 69 69
70 70 0.89313915224499119 0.084261281981313232 0.43238752827345145 0.090793813002535473 1.7513700734028408 -0.5392629590504362 1.2332583495828671 1 CAMERA 70 70
71 71 0.90181008119803663 0.080093900760070835 0.41565966157664169 0.086894132417662293 1.7998650662344897 -0.56446899116833393 1.3332165508749123 1 CAMERA 71 71
72 72 0.91214595520583885 0.076059031046543144 0.39434322787248371 0.081842524576159564 1.8665617849680634 -0.59878556835232899 1.4301804675772971 1 CAMERA 72 72
73 73 0.91987549785605582 0.071907987239891266 0.37782310361213989 0.076863594712134331 1.9156954268430468 -0.61107737315968391 1.5475205904395934 1 CAMERA 73 73
74 74 0.93112508673880656 0.067488417779016777 0.35123808289799402 0.071296531707206429 1.9820293621456424 -0.64031793359159006 1.7201335538051115 1 CAMERA 74 74
75 75 0.93800266573869295 0.065161417028088406 0.33371403954080242 0.067378992359320267 2.0100894596162093 -0.68164837060754702 1.8564451664260146 1 CAMERA 75 75
76 76 0.94692431128892485 0.063815517811788028 0.30895661108629391 0.061706894610580716 2.0382720801755161 -0.71442485724388882 2.004826722581535 1 CAMERA 76 76
77 77 0.95452572806236913 0.060643244404358705 0.28655616181515514 0.055575151829608378 2.0522829089663155 -0.74278423671011951 2.1645086424001332 1 CAMERA 77 77
78 78 0.95957737665924192 0.058477421887096717 0.27043041540121754 0.051565877856687807 2.0711984722263472 -0.77668434981131673 2.2767768890107725 1 CAMERA 78 78
79 79 0.96503796335159109 0.054556395167818392 0.2519584433047472 0.047352633337066678 2.1099368618915841 -0.80087556533294091 2.4162620966019772 1 CAMERA 79 79
80 80 0.9690310353335615 0.051370796480782917 0.23724120837220625 0.045348681120749572 2.1355236050632822 -0.79895081180446725 2.5305494803001491 1 CAMERA 80 80
81 81 0.97358435939382881 0.047943182912110846 0.21875638680977541 0.044503815408298911 2.1646559250287165 -0.81020107901730254 2.6801942732760264 1 CAMERA 81 81
82 82 0.97685068515849882 0.045827904837523414 0.20432409751661582 0.043751631027822743 2.1859726646630571 -0.83374645084766597 2.7968092562764086 1 CAMERA 82 82
83 83 0.98047851559407384 0.04364006473140275 0.18722972669307431 0.041260812535833268 2.20791374111539 -0.85035421405351819 2.9491897306893602 1 CAMERA 83 83
84 84 0.98355411935734338 0.041590689609265583 0.17172792768225126 0.037430304393447578 2.2237703780348825 -0.87383162411579074 3.0970025354663329 1 CAMERA 84 84
85 85 0.98517754401810098 0.041580711248291026 0.16274733040115694 0.034778695516735181 2.2361059850757492 -0.90121672809116582 3.1622044301851004 1 CAMERA 85 85
86 86 0.98744547587600495 0.040023843735571399 0.14979170477308099 0.030198829212651043 2.2715808735079679 -0.93998427923048788 3.2911277269672436 1 CAMERA 86 86
87 87 0.98915237900744057 0.0382088259258868 0.13922075845312193 0.027115256609949401 2.2984654707423378 -0.94686250566112151 3.3745403837176915 1 CAMERA 87 87
88 88 0.99147919168046339 0.034470509852573661 0.12325550228876589 0.024266799762284484 2.3290307933169343 -0.95826507021914586 3.5379254793780466 1 CAMERA 88 88
89 89 0.99326732074872059 0.031244933029855117 0.10922208304380576 0.022678630209740754 2.3448379596478661 -0.96900442985826341 3.6805259701362778 1 CAMERA 89 89
90 90 0.99461907449245501 0.027915041145622252 0.09764605548965731 0.020466924070832396 2.3493109927652616 -0.96186991313473491 3.7941336652526969 1 CAMERA 90 90
91 91 0.99602940400390283 0.024791030063363452 0.083843796212395696 0.016764516835322773 2.3463414534822031 -0.96777895749794485 3.9266647072320002 1 CAMERA 91 91
92 92 0.9969294312621525 0.023985848018437783 0.073252750803035269 0.013799372375074937 2.3450235067020899 -0.99528773356952205 4.0219587810000856 1 CAMERA 92 92
93 93 0.9978298477471137 0.023028639138318156 0.060747930845327931 0.010722202312042281 2.3537222027333677 -1.0226100183608819 4.1301523791622472 1 CAMERA 93 93
94 94 0.99843339276171983 0.021723213562104739 0.050880274070275955 0.0083701804873149589 2.361992413755722 -1.0347999044871889 4.2278512719698336 1 CAMERA 94 94
95 95 0.99909002699644311 0.018775948483325724 0.037838383628973737 0.0059024096049621524 2.3643678212614745 -1.0417791080342687 4.35325422642312 1 CAMERA 95 95
96 96 0.99960720097899991 0.013802311457817656 0.024063258134241265 0.003987424897785934 2.3507721663743379 -1.031545745079484 4.5054469822265526 1 CAMERA 96 96
97 97 0.99988407125860435 0.0082278445557947989 0.01252132796369871 0.0027134780834500464 2.3308293683842494 -0.99651021810631013 4.6218839314820341 1 CAMERA 97 97
98 98 0.99999997733491719 3.7575409138997819e-05 4.2527930209640314e-05 0.00020520630823259745 2.3177051654506902 -0.93982123424766095 4.756546783217134 1 CAMERA 98 98
99 99 0.99996562087182783 -0.0052762948106728977 -0.0063657303118606848 -0.00062870111142634987 2.3246897118975145 -0.90998338531457512 4.8220438205824721 1 CAMERA 99 99
100 100 0.9998263253757449 -0.012584013704328144 -0.013666396356443629 -0.0014803024532429763 2.3720200713782904 -0.86159264787653811 4.9261932696412414 1 CAMERA 100 100
101 101 0.99964056698195125 -0.019796686482452044 -0.018058413388106986 -0.00084956119430886477 2.4511451790039112 -0.7906636413242295 5.0033996680221469 1 CAMERA 101 101
102 102 0.99952353102802916 -0.024054671410114935 -0.019338472105685268 -0.00032741598855273512 2.5306609895184473 -0.75589547766132625 5.0801711639049909 1 CAMERA 102 102
